### tics
### for some reason, https://exofop.ipac.caltech.edu/tess/search.php has a hard time
### of accepting files larger than 1000 lines at the moment, find the rest of the tics
### in tic_ids_2019-10-29-2of2.txx 
144065872
147203645
231670397
271893367
260985861
183120439
176984236
382302241
279740441
389525208
300810086
267263253
38846515
382188882
410153553
25155310
336732616
25375553
89020549
265612438
238176110
234519192
51912829
183979262
355703913
309257814
403136413
220435095
139285832
139285736
394657039
309254930
179317684
355637190
277683130
289793076
266980320
231663901
92352620
234994474
403224672
322307342
350743714
97409519
201248411
29344935
281459670
79395355
270507305
235037761
290131778
280830734
393940766
52368076
403287048
62483237
369457671
233964642
355636844
29857954
99493790
394137592
253917293
206609630
141768070
238932509
70440470
140068425
150098860
207081058
219338557
231702397
234523599
278683844
281541555
299798795
300293197
304100538
317060587
350445771
355509914
421894914
425934411
415969574
211438925
12421862
198077394
47425697
262530407
175482273
307210830
76989773
20892672
76923707
9033144
251848941
100100827
183537452
382474101
183985250
183532609
207084429
230982885
207141131
220016044
280097543
166697854
166739520
220396259
167418898
441075486
9032368
77031413
305048116
13023738
47423120
228381868
70785910
13023378
66497310
33911302
69838258
27966179
169765334
206669860
188593930
402319411
8988289
316769613
9102327
434105231
228507250
9100874
114749636
2758565
145750719
206686292
327952677
188570092
49710555
155995204
229091748
100014359
281710229
144301273
183675732
224271611
156016136
251855940
251878904
118586896
308208458
262530780
144276942
80432617
321982642
369336146
183593642
100097716
100099031
199731190
118327533
80439101
116156517
155986102
41865539
224245334
262531275
180285396
139357541
144336525
66413476
156002449
251852984
389753172
175476629
206352378
66356824
180145006
175477257
156075294
102030574
262530873
229111835
144301052
115242351
382463648
251848941
251848941
425997655
31852980
32090583
52204645
55650590
141527579
167754523
231912935
234345288
237914496
260004324
281575427
281781375
314865962
316937670
305048087
280095254
204317710
9727392
49687222
12423815
415969908
402026209
326453034
322063810
224225541
204376737
201793781
184240683
179985715
160148385
160074939
158623531
154618248
149010208
120610833
120585579
118327550
101948569
77044471
77031414
9006668
9725627
12862099
37749396
63898957
63898957
70513361
92226327
120896927
120916706
122612091
150428135
153065527
159951311
164767175
164767175
166836920
219253008
220479565
259377017
259377017
259377017
259511357
268766053
439456714
42054565
122613513
219239945
244161191
29781292
220459976
375059587
391821647
391904697
425997655
425997655
178284730
49899799
152476657
325680697
98796344
170634116
7624182
206466531
176778112
166833457
257567854
259701242
153077621
35857242
219388773
270380593
1129033
219379012
178155732
38541473
29960110
9858404
29960109
328350926
382391899
250386181
271900960
422655579
92359850
300599466
209459275
260417932
301051430
198008005
382068562
271722899
150430484
207237016
321011127
153027658
176796997
294869729
175532955
279425357
278775625
278199349
150167117
364395234
348844154
259389219
100921768
206474443
33595516
42015200
231289421
32283946
404467699
29918916
423670610
281924357
160222069
269558487
306338882
229141709
380886535
138727432
40083958
143350972
38686737
31374837
117979850
44745077
94986319
70914192
139733308
189013224
169532369
452808876
14091704
179034327
117979897
70899085
78055054
257605131
77951245
44647437
1449640
117979694
468880077
139528693
459942762
43647325
117979455
13021029
1528696
14091633
408159788
32499655
188989177
316916655
4646810
9804616
44737596
64071894
77156829
77228304
89256802
176831592
178155732
237928815
398733009
420049884
399871011
167714792
248434716
363914762
332660150
146467675
44792534
146434840
449050247
146438872
92880568
100757807
245947683
399870368
319312479
146520535
249067445
262330063
449050248
408137826
425163745
67772767
189013222
434234955
100990000
52280468
20178111
306362738
33521996
59843967
4616072
144700903
170102285
156987351
317548889
52640302
427348923
47911178
339672028
365639282
172464366
33692729
37770169
393414358
220459826
427352241
71512186
255760319
100608026
55488511
59003115
77253676
170849515
192826603
311183180
311183180
407966340
31374837
32830028
36352297
36440357
37168957
42821097
49771092
50618703
53593457
93125144
143271144
148228019
200593988
234112540
234825296
237751146
280210963
281909674
302895996
365690646
387690507
403693875
438490744
17746821
19025965
19519368
22529346
88977253
108645766
121338379
123482865
123702439
134200185
134537478
172193428
186812530
268644785
274138511
348538431
425206121
452866790
453211454
455096220
455135327
468987719
19451711
27649847
119292328
133334108
218795833
238086647
264979636
318937509
366576758
366622912
431999925
440777904
167031605
66561343
42755801
293853437
33690636
35582553
437984134
281408474
438295981
123958679
333607525
120269103
37084932
365781372
49079670
250484865
63303499
78672342
237808867
25334160
255704097
284288080
147977348
79292541
123898871
123846039
72090501
92992033
92013169
157568289
219380235
34077285
102283403
229384040
7561203
54390047
178367144
341420329
124709665
144956678
155044736
142918609
409459226
179159972
347098457
177126182
5772442
108835813
179155220
88684250
372913430
154459165
341186896
114018671
279999655
52548453
265077027
425220920
177722855
50365310
280437559
133654092
317951248
173640199
73038411
268371979
107782586
146406806
97700520
156115721
440801822
238597883
139853601
134404603
125894957
267527924
96246348
88863718
65412605
291555748
25799609
106997505
259353953
65212867
93594834
341729521
127476180
141776043
453209605
175310067
207277638
427508467
379929661
113553629
97158538
145027461
169904935
131743355
320536216
333821572
134396419
93963408
33091633
174599051
445586472
5109298
148659924
146208651
81429971
287474726
153651591
186547153
196286587
80275202
143994283
309787037
190990336
284738182
77527511
118021229
74482749
238061845
190496853
145879095
141227133
180987952
270841724
81419525
131979339
182943944
145982812
140706664
141363913
175176327
412961700
262746281
294090620
181304295
122262940
207110080
1003831
1103432
1133072
13349647
37575651
101011575
270468559
289535142
296780789
315002523
377064495
377064495
377064495
386435344
408310006
410094645
413248763
423275733
30828562
83092282
101395259
296739893
78154865
82128636
82362447
143526444
146463781
286132427
344926234
348755723
339636032
131419878
119081096
275248683
184952758
38571020
177077336
175180796
174143743
150247134
410245915
96097215
149788158
38509907
77156829
149302744
150151262
150428135
169226822
335499997
22221375
33153766
280206394
74534430
73723286
308050066
55092869
151681127
429304876
281731203
48476907
48476908
339857675
462162948
54085154
101497191
35516889
36734222
158588995
53189332
410450228
54962195
53735810
151825527
147660201
445822015
102195674
294395926
35009898
151959065
48103627
447061717
101955023
437248515
219187649
38510224
156991337
320417762
219195044
54962195
29781292
161477033
161477033
14165625
32497972
167600516
200807066
219229644
219344917
232025086
237920046
271596418
271971130
358460246
381976956
33878688
44797824
231728511
238898571
271596225
11561667
30122649
34068865
36724087
36724087
106402532
146846569
181804752
181804752
219189765
359271092
373424049
374095457
434486077
444842193
150428135
150151262
167600516
219195044
30853470
33831980
38460940
41227743
55525572
149301575
167303382
177258735
179308757
255685030
260640693
271596225
278895705
294780517
299945285
300013921
300710077
306472057
308994098
349829627
374829238
388106759
5868998
14614418
14661418
61538902
61988212
72985822
73228647
104024556
130924120
131081852
152147232
162362398
165317334
178709444
178819686
178819686
181159386
219401954
219698950
229047362
229811538
248075138
286864983
286865921
294301883
306996324
306996324
309257814
334305570
335630746
398943781
413376180
429358906
451645081
460205581
297967252
54044474
363260203
400595342
141482386
385624852
20318757
146589986
463402815
238374636
447283466
90544017
102840239
370745311
464296022
146172354
361413119
384549882
461867584
310483807
360286627
90448944
404340025
461271719
140760434
260476837
304021498
55452495
219205407
50309953
129637892
300557619
220518305
176957796
309402106
410214986
263003176
394698182
348770361
441462736
238059180
374908020
350584963
52368076
52368076
29781292
261258875
140830390
260130483
46096489
73717937
259962054
92226327
100990000
200723869
259592689
281979481
396720998
149302744
167342439
237924601
260708537
161477033
30312676
47384844
200322593
15445551
150151262
73649615
238004786
148479278
308307606
111991770
248111245
277634430
460984940
287329267
149601557
177162886
167418903
126733133
309791156
260304296
339733013
55559618
38696105
149603524
432008938
237928815
124573851
29831208
31852980
141608198
260043723
260271203
260609205
261136679
277103955
279251651
307210830
307210830
349518800
349790953
373844472
388104525
349373192
167415965
38603673
140691463
149990841
231081369
260304800
437242640
219164808
391949880
300038935
339961200
150271680
278866211
310009611
125405602
127530399
158978373
193641523
220029715
243200602
260647166
260647166
260647166
271168962
276128561
287563610
307610438
350332997
362249359
405700729
437333618
440887364
440887364
466840711
55383975
150030205
277099925
304042899
308034948
327017634
193413306
394561119
16288184
66818296
210873792
214361331
216935214
220475245
238197638
238197709
261257684
261867566
272086159
278198753
298372701
305424003
350153977
364107753
369327947
382626661
389070884
406976746
407126408
375223080
