444415148
445144327
458914949
50120414
52041724
71854745
82010657
186599508
192372961
201154493
385105624
431899140
68152139
67418624
129979528
187029841
139375960
129991079
73448352
118301361
101037590
125735470
26433869
138017750
229951289
219776325
264678534
268403451
272625214
317397615
317507345
322054600
322202434
376838000
377144784
378291076
387260717
388076005
407394748
461387302
470852531
157586003
424435940
284475976
310003988
317597583
29054413
51024887
165551882
201186294
230086768
269892793
286355915
312862941
348673213
396562848
422923265
229940491
298647682
22843856
184679932
387527558
154927364
376353509
116608612
122485078
138168780
154867950
156724719
258829450
266500992
267694283
27677846
286561122
288631580
311121985
312122956
339538183
353367071
353782445
354006740
368536386
409183335
417705690
428679607
441739020
459903429
468828873
470315428
73104318
81831095
8400842
87090944
96291218
9837861
259168516
321041369
367366318
58542531
85031598
28900646
102672709
103448870
121966220
198384408
267574918
268334473
288636342
353475866
396740648
422756130
470381900
1884091865
190223929
22705558
23650642
274215536
371210825
453387619
95129101
137500798
230377505
240148934
241173474
29119552
445805961
461662295
67926921
15863518
239154970
142090065
14336130
149833117
257241363
293617835
356473034
51234631
85242435
71431780
81212286
86396382
130181866
130181866
241225337
285048486
298666530
318022259
318022259
371234684
470987100
53427308
224596152
365673804
408618999
233009109
104208182
159418353
174041208
198206613
219857012
219860288
229455001
232635922
232650365
233071822
233071926
233602827
233602827
237099296
287080092
287139872
289580577
332477926
356978132
364074068
367753709
367858035
408636441
420112587
424391516
435680451
441739871
1551345500
272672133
67666096
8767448
137906197
287225295
457138169
252479260
85293053
332064670
4897275
9348006
21535395
29191624
39699648
67646988
99834717
137881699
160045097
229938290
241196395
230386259
86280613
372730331
450327768
172518755
310981412
233684293
29191596
304142124
