### tics cont from tic_ids_2019-10-29_1of2.txt
387079085
406941612
136274063
361034196
451599528
426077080
343648136
270341214
144440290
70797900
47525799
47484268
2760710
47316976
201233610
201292545
124543547
381979901
128463355
130415266
146261607
405454160
219345200
458589703
55652896
279741379
309792357
350618622
144138509
388624270
382331352
129319156
28230919
69679391
142276270
147950620
154089169
154840461
154872375
158002130
158324245
159510109
230088370
233087860
258777137
287196418
349827430
375542276
458478250
16740101
148914726
198213332
232967440
232967666
320525204
341544930
459970307
229510866
294176967
359496368
13419950
16102323
41330864
254113311
79748331
273985865
23434737
30037565
50312495
389924075
399144800
451606970
453260209
467666275
141527965
150428703
177115354
248092710
287776397
294781547
294981566
319259194
349095149
360156606
364393429
374997123
382437043
295541511
89643259
24364065
69068526
92677094
203189770
99869022
288185138
302518439
101929303
1717732429
30329585
169177766
83210867
289539327
372757221
15247229
112026224
237185205
138361973
161450762
117256577
147576037
379931600
48188920
89510024
267489265
69997672
122220263
89389197
110428269
202563254
284450803
160268701
350995812
21755546
288391628
117789567
237184773
409934330
311890977
271581073
295599256
412014494
446549905
274151135
379286801
290348382
318608749
369864738
351603103
384513078
90919952
261369656
143257766
24094603
304774444
469782185
128790976
80166433
405862830
269450900
425721385
91576611
287156968
31858844
31858843
375225453
360630575
468148930
383390264
380783252
380589029
379240073
370133522
369960846
366989877
360742636
351601843
327301957
323132914
322270620
320004517
299799658
290348383
261108236
259863352
253990973
253728991
201642601
201604954
161032923
158297421
120247528
112395568
101230735
31553893
7088246
6663331
260647166
55652896
278683844
425997655
120896927
300871545
154716798
158170594
158561566
159107668
198212955
219698776
219850915
229781583
230127302
230127302
232540264
232612416
232976128
233059608
233120979
233211762
233684822
236714379
237222864
274762761
278348461
288132261
288735205
355867695
355867695
356311210
365938305
406672232
416195870
424865156
467179528
142394656
198186769
198241702
199688472
202504234
219015370
219852584
219854185
229536616
237104103
237200747
258777134
286923464
293687315
356867115
417948359
441797803
445859771
459969957
13499636
43064903
153949511
163539739
224297258
230017324
232971294
236445129
266593143
267561446
274662200
277507814
352764091
365733349
408203470
417676622
185405474
186000935
232679662
233735068
236815160
277014266
287190564
294179389
378159598
405904232
11111899
136848581
137284119
15565627
165523947
167092385
167098530
167403519
195199644
240450679
256886630
266688542
274942910
275111900
312083267
330332501
345996087
357457104
387664866
387664868
395171208
42123111
89759617
92783821
90504905
103633434
120757718
120960812
153951307
254113311
79748331
142276270
158276040
