231663901
149603524
336732616
231670397
144065872
38846515
92352620
289793076
29344935
281459670
355703913
388104525
97409519
25155310
281541555
238176110
322307342
266980320
278683844
278683844
394137592
207081058
231702397
290131778
29831208
52368076
52368076
52368076
70440470
234523599
391949880
201248411
263003176
235037761
89020549
219338557
234994474
267263253
410153553
176957796
277683130
62483237
140068425
403224672
425934411
25375553
261136679
265612438
355636844
220435095
393940766
260985861
271893367
382302241
403287048
231081369
389525208
129637892
220518305
140691463
403136413
394657039
253917293
348770361
99493790
179317684
79395355
350743714
147203645
149990841
369457671
183120439
394698182
309257814
309257814
29857954
270341214
425997655
425997655
425997655
425997655
307210830
307210830
307210830
272086159
262530407
251848941
251848941
251848941
207141131
51912829
76923707
76989773
183979262
300871545
100100827
279741379
260304296
280830734
278866211
166739520
183532609
183537452
183985250
211438925
230982885
234519192
441462736
12421862
309792357
410214986
350618622
350618622
355509914
259962054
281781375
281575427
55650590
260271203
314865962
52204645
141608198
300293197
206609630
234345288
167415965
167415965
231912935
55652896
55652896
260043723
32090583
260609205
150098860
316937670
144440290
326453034
70797900
47525799
47484268
2760710
77044471
120610833
160074939
204376737
402026209
415969908
12423815
280095254
9727392
305048087
9006668
9725627
101948569
77031414
120585579
149010208
118327550
154618248
158623531
160148385
201793781
179985715
184240683
224225541
237924601
322063810
49687222
204317710
92226327
92226327
200723869
350445771
12862099
37749396
63898957
63898957
70513361
120916706
122612091
159951311
164767175
164767175
166836920
219253008
220479565
259377017
259377017
259377017
259511357
268766053
279740441
281979481
373844472
382188882
439456714
244161191
122613513
42054565
38696105
29781292
29781292
29781292
382626661
277103955
220459976
150030205
150030205
2758565
47316976
201292545
201233610
49710555
180285396
355637190
188570092
327952677
382463648
115242351
206686292
156075294
166697854
144301052
229111835
145750719
262530873
102030574
114749636
9100874
281710229
228507250
175477257
434105231
180145006
9102327
316769613
66356824
8988289
402319411
206352378
389753172
188593930
175476629
198077394
251852984
156002449
66413476
144336525
206669860
139357541
169765334
27966179
262531275
139285832
224245334
233964642
41865539
55452495
155986102
116156517
69838258
80439101
33911302
415969574
66497310
13023378
308208458
118327533
224271611
70785910
382474101
199731190
228381868
47423120
100099031
100097716
183593642
369336146
220016044
321982642
80432617
13023738
144276942
305048116
262530780
47425697
118586896
251878904
9033144
77031413
175482273
251855940
156016136
441075486
9032368
183675732
280097543
144301273
139285736
20892672
220396259
100014359
207084429
229091748
167418898
155995204
300810086
238059180
92359850
422655579
271900960
250386181
382391899
328350926
29960109
9858404
38541473
178155732
178155732
219379012
1129033
219388773
35857242
259701242
120896927
120896927
257567854
166833457
176984236
153065527
349518800
176778112
167754523
206466531
100990000
100990000
7624182
170634116
325680697
152476657
49899799
339733013
178284730
279251651
408159788
94986319
117979455
43647325
117979694
169532369
189013224
70914192
117979850
259592689
459942762
31374837
31374837
38686737
188989177
78055054
44647437
44745077
32499655
468880077
13021029
143350972
316916655
70899085
117979897
179034327
14091704
1449640
14091633
1528696
139528693
77951245
257605131
139733308
452808876
153077621
98796344
77228304
89256802
64071894
38603673
9804616
4646810
420049884
176831592
398733009
270380593
4616072
20178111
33521996
33692729
37770169
47911178
52280468
52640302
59843967
100608026
156987351
170102285
172464366
306362738
317548889
339672028
365639282
393414358
427348923
427352241
260708537
31852980
31852980
452866790
455096220
455135327
468987719
17746821
19025965
19519368
22529346
88977253
108645766
121338379
123702439
134200185
134537478
172193428
186812530
219164808
268644785
274138511
348538431
425206121
453211454
238086647
440777904
119292328
431999925
366576758
366622912
318937509
308307606
264979636
218795833
148479278
27649847
19451711
93125144
365690646
71512186
200593988
148228019
403693875
438490744
387690507
302895996
144700903
309791156
281909674
280210963
234825296
234112540
237751146
238004786
200322593
143271144
49771092
53593457
50618703
37168957
36440357
36352297
42821097
32830028
311183180
311183180
192826603
44737596
161477033
161477033
161477033
407966340
170849515
59003115
55488511
207110080
209459275
101011575
377064495
377064495
377064495
413248763
405454160
1003831
1103432
1133072
13349647
37575651
123482865
126733133
270468559
289535142
296780789
315002523
386435344
408310006
410094645
423275733
238061845
81419525
180987952
287474726
131743355
74482749
190990336
131979339
294090620
130415266
412961700
270841724
146261607
196286587
128463355
146406806
287329267
144956678
146208651
81429971
145982812
134396419
141363913
175176327
262746281
145027461
181304295
122262940
153651591
186547153
134404603
80275202
154459165
284738182
77527511
118021229
190496853
145879095
141227133
173640199
267527924
296739893
30828562
83092282
101395259
399870368
379929661
65412605
365781372
281408474
293853437
123898871
97158538
349790953
348755723
344926234
286132427
146463781
133334108
78154865
82362447
147977348
49079670
79292541
432008938
63303499
157568289
238197709
92992033
78672342
35582553
349373192
72090501
22221375
33153766
35009898
35516889
36734222
48103627
48476907
48476908
53189332
53735810
54085154
54962195
54962195
55092869
73723286
82128636
101955023
102195674
124573851
147660201
151681127
151825527
151959065
158588995
169226822
219187649
280206394
294395926
308050066
335499997
410450228
429304876
437248515
462162948
281731203
339857675
74534430
339636032
445822015
101497191
156991337
320417762
458589703
55383975
55559618
77156829
77156829
77253676
141527579
149302744
149302744
150428135
150428135
150428135
219239945
237914496
237928815
237928815
260004324
391904697
219345200
167342439
391821647
396720998
309402106
38510224
150151262
150151262
150151262
167600516
167600516
219195044
219195044
271971130
119081096
275248683
150247134
184952758
131419878
38571020
38509907
177077336
339961200
410245915
174143743
149788158
96097215
144138509
11561667
34068865
36724087
36724087
106402532
146846569
150271680
181804752
181804752
219189765
260304800
279425357
310009611
359271092
373424049
434486077
437242640
444842193
167418903
15445551
104024556
5868998
14614418
14661418
61538902
61988212
72985822
73228647
73649615
130924120
131081852
152147232
162362398
165317334
178709444
178819686
178819686
181159386
219401954
219698950
229047362
229811538
248075138
248111245
277634430
286864983
286865921
294301883
304042899
306996324
306996324
334305570
335630746
374095457
398943781
413376180
429358906
451645081
460984940
374829238
375059587
350584963
349829627
300710077
308994098
306472057
294780517
300013921
299945285
278895705
277099925
271596225
271596225
260640693
255685030
179308757
177258735
167303382
143526444
41227743
38460940
33831980
30853470
30122649
149301575
388106759
100757807
363914762
55525572
255760319
102840239
175180796
30312676
46096489
73717937
111991770
125405602
127530399
158978373
193641523
220029715
243200602
270507305
271168962
276128561
281924357
