307610438
350332997
362249359
404340025
405700729
440887364
440887364
460205581
461271719
466840711
287563610
238932509
141768070
437333618
380886535
32283946
229141709
231289421
42015200
33595516
423670610
40083958
29918916
138727432
160222069
269558487
306338882
404467699
198008005
150430484
321011127
372913430
309254930
238898571
231728511
44797824
381976956
358460246
271596418
200807066
219229644
219344917
220459826
237920046
232025086
14165625
32497972
255704097
219380235
37084932
34077285
237808867
92013169
123846039
167031605
25334160
120269103
437984134
438295981
284288080
333607525
33690636
66561343
123958679
42755801
250484865
102283403
229384040
124543547
177162886
210873792
214361331
216935214
238197638
261257684
261867566
298372701
305424003
350153977
364107753
369327947
389070884
406941612
407126408
153027658
259389219
348844154
207237016
294869729
150167117
271722899
278775625
278199349
301051430
382068562
300599466
176796997
261258875
300557619
175532955
100921768
206474443
260417932
260130483
220475245
260476837
278198753
425163745
332660150
67772767
248434716
408137826
146520535
399871011
434234955
167714792
219205407
262330063
146438872
189013222
245947683
449050247
319312479
449050248
44792534
146467675
146434840
249067445
92880568
279999655
5109298
265077027
141776043
25799609
179155220
179159972
178367144
445586472
453209605
280437559
174599051
177722855
125894957
409459226
333821572
133654092
347098457
268371979
73038411
5772442
93594834
127476180
177126182
148659924
33091633
425220920
320536216
52548453
113553629
207277638
88684250
7561203
108835813
259353953
93963408
317951248
142918609
341729521
54390047
341186896
50365310
88863718
124709665
106997505
238597883
169904935
156115721
65212867
440801822
107782586
139853601
114018671
427508467
97700520
96246348
155044736
175310067
182943944
291555748
341420329
140706664
143994283
47384844
238374636
141482386
297967252
388624270
20318757
447283466
374908020
464296022
304021498
146589986
149601557
400595342
361413119
146172354
363260203
90544017
461867584
310483807
385624852
360286627
90448944
463402815
54044474
309787037
370745311
384549882
16288184
66818296
259863352
317060587
112395568
366989877
320004517
421894914
323132914
31553893
380783252
101230735
253990973
299799658
406976746
79748331
79748331
7088246
201604954
201642601
6663331
31858843
31858844
120247528
140830390
158297421
327301957
351601843
360742636
369960846
370133522
379240073
161032923
253728991
261108236
322270620
380589029
381979901
468148930
426077080
343648136
129319156
361034196
193413306
387079085
382331352
136274063
375223080
375225453
360630575
383390264
290348383
318608749
271581073
311890977
351603103
451599528
274151135
384513078
394561119
295599256
50309953
446549905
412014494
369864738
290348382
409934330
379286801
304100538
295541511
90919952
261369656
143257766
24094603
304774444
469782185
128790976
80166433
405862830
269450900
425721385
91576611
254113311
254113311
198213332
267489265
69997672
122220263
154872375
142276270
142276270
142276270
89389197
110428269
202563254
320525204
159510109
284450803
160268701
28230919
350995812
21755546
288391628
349827430
117789567
16740101
69679391
237184773
154840461
459970307
161450762
117256577
147576037
379931600
48188920
89510024
158324245
13419950
375542276
16102323
458478250
138361973
232967666
41330864
302518439
294176967
101929303
1717732429
232967440
154089169
30329585
230088370
169177766
359496368
148914726
158002130
229510866
341544930
258777137
233087860
83210867
289539327
372757221
15247229
112026224
287196418
237185205
158276040
89643259
147950620
24364065
69068526
92677094
203189770
99869022
288185138
29960110
327017634
23434737
467666275
287776397
308034948
364393429
273985865
30037565
33878688
50312495
389924075
399144800
451606970
453260209
141527965
248092710
294781547
294981566
319259194
349095149
374997123
382437043
299798795
150428703
177115354
360156606
300038935
140760434
287156968
447061717
364395234
260647166
260647166
260647166
260647166
90504905
103633434
120757718
120960812
153951307
153951307
154716798
158170594
159107668
198212955
219698776
219850915
229781583
230127302
230127302
230127302
232540264
232612416
232976128
233059608
233120979
233211762
233684822
236714379
237222864
274762761
278348461
288132261
288735205
355867695
355867695
356311210
365938305
406672232
416195870
424865156
467179528
467179528
158561566
142394656
198241702
198241702
237200747
286923464
417948359
445859771
459969957
13499636
43064903
153949511
153949511
163539739
224297258
230017324
232971294
236445129
266593143
267561446
274662200
277507814
352764091
365733349
408203470
417676622
198186769
199688472
202504234
219015370
219852584
219854185
229536616
237104103
258777134
293687315
356867115
441797803
185405474
186000935
232679662
233735068
236815160
277014266
287190564
294179389
378159598
405904232
11111899
136848581
137284119
15565627
165523947
167092385
167098530
167403519
195199644
240450679
256886630
266688542
274942910
275111900
312083267
330332501
345996087
357457104
387664866
387664868
395171208
42123111
89759617
92783821
160708862
260128333
269701147
269701147
269701147
233681149
233390838
256621916
358631536
1400770435
160487753
219852882
219852882
229747848
229770036
272635712
233953967
1718201850
336740528
279177746
365683032
372264750
277566483
357972447
275501623
416624606
330468175
277447970
395142888
230017325
26880783
367099243
120602501
129539786
136971594
155005217
155114483
162130054
164150539
176899385
190430205
190442486
190743990
240613164
249812036
252490659
274170255
275722992
276360911
313506357
328167090
329864959
343019899
343442463
346338552
353038705
365389353
389182138
416987878
430528566
431156009
468472950
468845640
64553698
66445643
66783360
258801269
259126549
259129875
328750515
352239069
387834907
231736113
69747919
364186197
115771549
199444169
116483514
116483734
119700084
125442121
148782377
158025009
164173105
224600500
311035838
321857016
329277372
333473672
346418409
418959198
350132371
128501004
2041563029
377304435
138968089
293954617
375506058
256783784
13684720
138588540
153976959
154383539
198356533
229650439
229650439
232982558
233617847
233951353
235683377
237232044
258514800
259172391
294471966
298073824
343628284
356158613
356158613
377293776
417931607
420112589
198390247
198390247
294179385
387259626
199376584
176860064
191284318
16920150
17005768
44631965
188768068
190998418
229944666
236887394
237086564
240968774
243185500
243185500
283722336
283722336
284441182
306263608
306955329
352413427
427654774
431514478
432549364
240681314
409794137
421308357
335483600
197650870
252616865
452803785
67309890
377191482
233541860
459978312
198457103
219751469
283474780
53875855
354594208
15692883
411608801
431148743
384045439
371673488
316402246
414870287
377420580
329145325
410528770
428065977
326114850
331034236
64836837
430677414
415741431
272828463
377739433
376682699
434718964
269509393
270238522
470709084
376637093
455962313
427761355
272049972
269238073
366074069
367102581
387413037
314338017
276380902
313761775
202375913
285543785
312259170
312469860
312678993
327579226
345143460
354600221
420288086
445137888
173612049
177244357
252636888
318746829
319068154
367607434
431585347
455791689
127425841
194203348
409520860
440100539
191146556
241065596
288348498
326919774
327341626
299158887
441732151
405794804
320506985
117322779
241040309
241076290
245462406
249862365
249945230
250724252
251384275
256414077
259151170
284050395
285666479
285674856
285677945
292321872
302773669
307111282
316254876
327011842
332154944
348135793
354400186
354469661
370759867
374400599
403256331
418987806
