235937532
237071229
427730490
54364414
269424395
346929661
270333769
347013211
468574941
363761216
115524421
159873822
314835525
316468545
375850439
1100766816
315755496
378355116
322062001
396356111
229888286
326732851
403308915
285542903
327577308
373785851
334811204
138294130
188589164
198588220
368287008
219508169
357416482
357501308
159781361
39903405
236312126
11996814
16884216
255930614
178155732
356710041
279741379
141663460
147951030
219436394
417931300
198187049
233182695
198360694
900715901
441642457
158075010
23814735
27491137
230075227
27491137
159244568
224298134
367739494
321669174
160039081
328933398
233633993
441738827
103633672
441738827
230387153
219462190
441765914
341815197
356700488
233721037
219778329
393965778
402898317
356016119
235678745
142748283
235678745
230386397
142748283
279982557
165527918
289590465
393911494
160491359
367630162
156199502
142276270
230127302
160045097
207425167
229747848
198153540
441739020
259172391
446549906
