175310067
207277638
427508467
379929661
113553629
97158538
145027461
169904935
131743355
320536216
333821572
134396419
93963408
33091633
174599051
445586472
5109298
148659924
146208651
81429971
287474726
153651591
186547153
196286587
80275202
143994283
309787037
190990336
284738182
77527511
118021229
74482749
238061845
190496853
145879095
141227133
180987952
270841724
81419525
131979339
182943944
145982812
140706664
141363913
175176327
412961700
262746281
294090620
181304295
122262940
207110080
1003831
1103432
1133072
13349647
37575651
101011575
270468559
289535142
296780789
315002523
377064495
377064495
377064495
386435344
408310006
410094645
413248763
423275733
30828562
83092282
101395259
296739893
78154865
82128636
82362447
143526444
146463781
286132427
344926234
348755723
339636032
131419878
119081096
275248683
184952758
38571020
177077336
175180796
174143743
150247134
410245915
96097215
149788158
38509907
77156829
149302744
150151262
150428135
169226822
335499997
22221375
33153766
280206394
74534430
73723286
308050066
55092869
151681127
429304876
281731203
48476907
48476908
339857675
462162948
54085154
101497191
35516889
36734222
158588995
53189332
410450228
54962195
53735810
151825527
147660201
445822015
102195674
294395926
35009898
151959065
48103627
447061717
101955023
437248515
219187649
38510224
156991337
320417762
219195044
54962195
29781292
161477033
161477033
14165625
32497972
167600516
200807066
219229644
219344917
232025086
237920046
271596418
271971130
358460246
381976956
33878688
44797824
231728511
238898571
271596225
11561667
30122649
34068865
36724087
36724087
106402532
146846569
181804752
181804752
219189765
359271092
373424049
374095457
434486077
444842193
150428135
150151262
167600516
219195044
30853470
33831980
38460940
41227743
55525572
149301575
167303382
177258735
179308757
255685030
260640693
271596225
278895705
294780517
299945285
300013921
300710077
306472057
308994098
349829627
374829238
388106759
5868998
14614418
14661418
61538902
61988212
72985822
73228647
104024556
130924120
131081852
152147232
162362398
165317334
178709444
178819686
178819686
181159386
219401954
219698950
229047362
229811538
248075138
286864983
286865921
294301883
306996324
306996324
309257814
334305570
335630746
398943781
413376180
429358906
451645081
460205581
297967252
54044474
363260203
400595342
141482386
385624852
20318757
146589986
463402815
238374636
447283466
90544017
102840239
370745311
464296022
146172354
361413119
384549882
461867584
310483807
360286627
90448944
404340025
461271719
140760434
260476837
304021498
55452495
219205407
50309953
129637892
300557619
220518305
176957796
309402106
410214986
263003176
394698182
348770361
441462736
238059180
374908020
350584963
52368076
52368076
29781292
261258875
140830390
260130483
46096489
73717937
259962054
92226327
100990000
200723869
259592689
281979481
396720998
149302744
167342439
237924601
260708537
161477033
30312676
47384844
200322593
15445551
150151262
73649615
238004786
148479278
308307606
111991770
248111245
277634430
460984940
287329267
149601557
177162886
167418903
126733133
309791156
260304296
339733013
55559618
38696105
149603524
432008938
237928815
124573851
29831208
31852980
141608198
260043723
260271203
260609205
261136679
277103955
279251651
307210830
307210830
349518800
349790953
373844472
388104525
349373192
167415965
38603673
140691463
149990841
231081369
260304800
437242640
219164808
391949880
300038935
339961200
150271680
278866211
310009611
125405602
127530399
158978373
193641523
220029715
243200602
260647166
260647166
260647166
271168962
276128561
287563610
307610438
350332997
362249359
405700729
437333618
440887364
440887364
466840711
55383975
150030205
277099925
304042899
308034948
327017634
193413306
394561119
16288184
66818296
210873792
214361331
216935214
220475245
238197638
238197709
261257684
261867566
272086159
278198753
298372701
305424003
350153977
364107753
369327947
382626661
389070884
406976746
407126408
375223080
387079085
406941612
136274063
361034196
451599528
426077080
343648136
270341214
144440290
70797900
47525799
47484268
2760710
47316976
201233610
201292545
124543547
381979901
128463355
130415266
146261607
405454160
219345200
458589703
55652896
279741379
309792357
350618622
144138509
388624270
382331352
129319156
28230919
69679391
147950620
154089169
154840461
154872375
158002130
159510109
230088370
233087860
258777137
287196418
349827430
375542276
458478250
16740101
232967440
232967666
320525204
341544930
459970307
229510866
294176967
359496368
13419950
16102323
41330864
254113311
79748331
273985865
23434737
30037565
50312495
389924075
399144800
451606970
453260209
467666275
141527965
150428703
177115354
248092710
287776397
294781547
294981566
319259194
349095149
360156606
364393429
374997123
382437043
295541511
89643259
24364065
69068526
92677094
203189770
99869022
288185138
302518439
101929303
1717732429
30329585
169177766
83210867
289539327
372757221
15247229
112026224
237185205
138361973
161450762
117256577
147576037
379931600
48188920
89510024
267489265
69997672
122220263
89389197
110428269
202563254
284450803
160268701
350995812
21755546
288391628
117789567
237184773
409934330
311890977
271581073
295599256
412014494
446549905
274151135
379286801
290348382
318608749
369864738
351603103
384513078
90919952
261369656
143257766
24094603
304774444
469782185
128790976
80166433
405862830
269450900
425721385
91576611
287156968
31858844
31858843
375225453
360630575
468148930
383390264
380783252
380589029
379240073
370133522
369960846
366989877
360742636
351601843
327301957
323132914
322270620
320004517
299799658
290348383
261108236
259863352
253990973
253728991
201642601
201604954
161032923
158297421
120247528
112395568
101230735
31553893
7088246
6663331
260647166
55652896
278683844
425997655
120896927
300871545
154716798
158170594
158561566
159107668
198212955
219698776
219850915
229781583
230127302
230127302
232540264
232612416
232976128
233059608
233120979
233211762
233684822
236714379
237222864
274762761
278348461
288132261
288735205
355867695
355867695
365938305
406672232
416195870
424865156
467179528
142394656
198186769
198241702
199688472
202504234
219015370
219852584
219854185
229536616
237104103
237200747
258777134
286923464
293687315
356867115
417948359
441797803
445859771
459969957
13499636
43064903
153949511
163539739
224297258
230017324
232971294
236445129
266593143
267561446
274662200
277507814
352764091
365733349
408203470
417676622
185405474
186000935
232679662
233735068
236815160
277014266
287190564
294179389
378159598
405904232
11111899
136848581
137284119
15565627
165523947
167092385
167098530
167403519
195199644
240450679
256886630
266688542
274942910
275111900
312083267
330332501
345996087
357457104
387664866
387664868
395171208
42123111
89759617
92783821
90504905
103633434
120757718
120960812
153951307
254113311
79748331
158276040
160708862
260128333
269701147
269701147
233681149
233390838
256621916
358631536
1400770435
160487753
219852882
229747848
229770036
272635712
233953967
1718201850
336740528
279177746
365683032
372264750
277566483
357972447
275501623
416624606
330468175
277447970
395142888
230017325
26880783
367099243
120602501
129539786
136971594
155005217
155114483
162130054
164150539
176899385
190430205
190442486
190743990
240613164
249812036
252490659
274170255
275722992
276360911
313506357
328167090
329864959
343019899
343442463
346338552
353038705
365389353
389182138
416987878
430528566
431156009
468472950
468845640
64553698
66445643
66783360
258801269
259126549
259129875
328750515
352239069
387834907
198213332
69747919
231736113
364186197
115771549
199444169
116483514
116483734
119700084
125442121
148782377
158025009
164173105
224600500
311035838
321857016
329277372
333473672
346418409
418959198
142276270
148914726
158324245
138968089
293954617
375506058
256783784
13684720
138588540
153976959
154383539
198356533
229650439
232982558
233617847
233951353
235683377
237232044
258514800
259172391
294471966
298073824
343628284
356158613
356158613
377293776
417931607
420112589
198390247
350132371
128501004
2041563029
377304435
142276270
153951307
153949511
230127302
269701147
467179528
142276270
294179385
387259626
199376584
